0.048702 1000 
0.050749 1000 
0.102472 2000 
0.055539 2000 
0.174616 3000 
0.077711 3000 
0.205802 4000 
0.149709 4000 
0.260184 5000 
0.131081 5000 
0.299062 6000 
0.157914 6000 
0.350708 7000 
0.216565 7000 
0.391430 8000 
0.225530 8000 
0.496813 9000 
0.253037 9000 
0.508939 10000 
0.274814 10000 
0.527871 11000 
0.293300 11000 
0.601691 12000 
0.466187 12000 
0.758616 13000 
0.513965 13000 
0.749334 14000 
0.409330 14000 
0.870866 15000 
0.660781 15000 
0.836391 16000 
0.429093 16000 
0.926105 17000 
0.643138 17000 
0.982280 18000 
0.833231 18000 
1.031079 19000 
0.697305 19000 
1.049662 20000 
0.990104 20000 
1.182988 21000 
1.067031 21000 
1.201343 22000 
1.199815 22000 
1.246736 23000 
1.168528 23000 
1.607043 24000 
1.338483 24000 
1.508503 25000 
1.427180 25000 
1.415174 26000 
1.371760 26000 
1.790094 27000 
1.534763 27000 
1.692475 28000 
1.584644 28000 
1.576480 29000 
1.603976 29000 
1.740815 30000 
1.591405 30000 
1.689294 31000 
1.679996 31000 
1.846313 32000 
1.525350 32000 
1.912004 33000 
1.655865 33000 
2.045248 34000 
1.632961 34000 
2.084168 35000 
1.998382 35000 
1.942781 36000 
1.282236 36000 
2.090825 37000 
1.225960 37000 
2.208927 38000 
1.470886 38000 
2.117729 39000 
1.493086 39000 
2.162230 40000 
1.472686 40000 
2.256714 41000 
1.540450 41000 
2.273973 42000 
1.456585 42000 
2.421442 43000 
1.472378 43000 
2.469163 44000 
1.569669 44000 
2.380764 45000 
1.515179 45000 
2.458908 46000 
1.882716 46000 
2.624023 47000 
1.748574 47000 
2.788125 48000 
1.894537 48000 
2.641245 49000 
2.319630 49000 
2.655904 50000 
1.616746 50000 
2.666319 51000 
1.690411 51000 
2.764987 52000 
1.730311 52000 
2.752681 53000 
1.863536 53000 
3.653917 54000 
2.594688 54000 
2.979671 55000 
1.798839 55000 
2.976689 56000 
1.834907 56000 
3.014556 57000 
1.753169 57000 
3.122209 58000 
1.987979 58000 
3.177303 59000 
1.947759 59000 
3.154944 60000 
2.065286 60000 
3.173297 61000 
1.956549 61000 
3.309295 62000 
2.060803 62000 
3.379883 63000 
2.139528 63000 
3.309913 64000 
2.124467 64000 
3.406253 65000 
2.352195 65000 
3.534966 66000 
2.207105 66000 
3.453282 67000 
2.159281 67000 
3.522911 68000 
2.236228 68000 
3.624418 69000 
2.251089 69000 
3.674122 70000 
2.272453 70000 
3.794046 71000 
2.323612 71000 
3.700926 72000 
2.294571 72000 
3.824655 73000 
2.844078 73000 
3.825480 74000 
2.387595 74000 
3.864520 75000 
2.403115 75000 
3.928133 76000 
2.624443 76000 
4.073385 77000 
2.712560 77000 
4.062148 78000 
2.531565 78000 
4.135165 79000 
2.681433 79000 
4.183599 80000 
2.870336 80000 
4.299310 81000 
2.705705 81000 
4.229755 82000 
2.665819 82000 
4.437420 83000 
2.715257 83000 
4.457103 84000 
2.799989 84000 
4.400593 85000 
2.713674 85000 
4.484100 86000 
2.895802 86000 
4.615718 87000 
2.789290 87000 
4.676180 88000 
2.835361 88000 
4.593593 89000 
2.859849 89000 
4.614183 90000 
2.954171 90000 
5.720466 91000 
3.509475 91000 
5.445767 92000 
4.878450 92000 
5.020325 93000 
3.147123 93000 
5.605878 94000 
3.320876 94000 
5.115014 95000 
3.082716 95000 
5.053489 96000 
3.281477 96000 
5.202920 97000 
3.122589 97000 
5.128939 98000 
3.179150 98000 
5.209537 99000 
3.635829 99000 
6.226210 100000 
3.852960 100000
